
Sheet 1 (2400×1200mm) - 86.5% utilized

+------------------------------------------------+
|1111111111111111111111111111111111113333333333  |
|1                                   3        3  |
|1                                   3        3  |
|1                                   3        3  |
|1                                   3        3  |
|1                                   3        3  |
|1                                   3        3  |
|1                                   3        3  |
|1                                   3        3  |
|1                                   3        3  |
|1                                   3        3  |
|2222222222222222222222222222222222224444444444  |
|2                                   4        4  |
|2                                   4        4  |
|2                                   4        4  |
|2                                   4        4  |
|2                                   4        4  |
|2                                   4        4  |
|2                                   4        4  |
|2                                   4        4  |
|2                                   4        4  |
|2                                   4        4  |
|2222222222222222222222222222222222224444444444  |
|                                                |
+------------------------------------------------+

Panels:
  1: 550×1842mm at (0, 0) (rotated)
  2: 550×1842mm at (0, 554) (rotated)
  3: 424×550mm at (1846, 0)
  4: 424×550mm at (1846, 554)


Sheet 2 (2400×1200mm) - 86.5% utilized

+------------------------------------------------+
|1111111111111111111111111111111111113333333333  |
|1                                   3        3  |
|1                                   3        3  |
|1                                   3        3  |
|1                                   3        3  |
|1                                   3        3  |
|1                                   3        3  |
|1                                   3        3  |
|1                                   3        3  |
|1                                   3        3  |
|1                                   3        3  |
|2222222222222222222222222222222222224444444444  |
|2                                   4        4  |
|2                                   4        4  |
|2                                   4        4  |
|2                                   4        4  |
|2                                   4        4  |
|2                                   4        4  |
|2                                   4        4  |
|2                                   4        4  |
|2                                   4        4  |
|2                                   4        4  |
|2222222222222222222222222222222222224444444444  |
|                                                |
+------------------------------------------------+

Panels:
  1: 550×1842mm at (0, 0) (rotated)
  2: 550×1842mm at (0, 554) (rotated)
  3: 424×550mm at (1846, 0)
  4: 424×550mm at (1846, 554)


Sheet 3 (2400×1200mm) - 86.5% utilized

+------------------------------------------------+
|1111111111111111111111111111111111113333333333  |
|1                                   3        3  |
|1                                   3        3  |
|1                                   3        3  |
|1                                   3        3  |
|1                                   3        3  |
|1                                   3        3  |
|1                                   3        3  |
|1                                   3        3  |
|1                                   3        3  |
|1                                   3        3  |
|2222222222222222222222222222222222224444444444  |
|2                                   4        4  |
|2                                   4        4  |
|2                                   4        4  |
|2                                   4        4  |
|2                                   4        4  |
|2                                   4        4  |
|2                                   4        4  |
|2                                   4        4  |
|2                                   4        4  |
|2                                   4        4  |
|2222222222222222222222222222222222224444444444  |
|                                                |
+------------------------------------------------+

Panels:
  1: 550×1842mm at (0, 0) (rotated)
  2: 550×1842mm at (0, 554) (rotated)
  3: 424×550mm at (1846, 0)
  4: 424×550mm at (1846, 554)


Sheet 4 (2400×1200mm) - 74.8% utilized

+------------------------------------------------+
|1111111111111111111111111111111111111           |
|1                                   1           |
|1                                   1           |
|1                                   1           |
|1                                   1           |
|1                                   1           |
|1                                   1           |
|2222222222222222222222222222222222222           |
|2                                   2           |
|2                                   2           |
|2                                   2           |
|2                                   2           |
|2                                   2           |
|2                                   2           |
|2                                   2           |
|3333333333333333333333333333333333333           |
|3                                   3           |
|3                                   3           |
|3                                   3           |
|3                                   3           |
|3                                   3           |
|3                                   3           |
|3                                   3           |
|3333333333333333333333333333333333333           |
+------------------------------------------------+

Panels:
  1: 390×1842mm at (0, 0) (rotated)
  2: 390×1842mm at (0, 394) (rotated)
  3: 390×1842mm at (0, 788) (rotated)


Sheet 5 (2400×1200mm) - 74.8% utilized

+------------------------------------------------+
|1111111111111111111111111111111111111           |
|1                                   1           |
|1                                   1           |
|1                                   1           |
|1                                   1           |
|1                                   1           |
|1                                   1           |
|2222222222222222222222222222222222222           |
|2                                   2           |
|2                                   2           |
|2                                   2           |
|2                                   2           |
|2                                   2           |
|2                                   2           |
|2                                   2           |
|3333333333333333333333333333333333333           |
|3                                   3           |
|3                                   3           |
|3                                   3           |
|3                                   3           |
|3                                   3           |
|3                                   3           |
|3                                   3           |
|3333333333333333333333333333333333333           |
+------------------------------------------------+

Panels:
  1: 390×1842mm at (0, 0) (rotated)
  2: 390×1842mm at (0, 394) (rotated)
  3: 390×1842mm at (0, 788) (rotated)
